6 0.27421875 0.08046875 0.0734375 0.090625
6 0.59375 0.07109375 0.065625 0.0984375
6 0.43359375 0.29375 0.05234375 0.08828125
6 0.5953125 0.26875 0.05625 0.08828125
6 0.68828125 0.2703125 0.0625 0.1109375
6 0.896875 0.2640625 0.05234375 0.103125
6 0.93125 0.3578125 0.04140625 0.06953125
6 0.42578125 0.390625 0.05078125 0.06796875
6 0.21171875 0.48203125 0.03359375 0.0828125
6 0.73828125 0.39765625 0.04296875 0.08671875
6 0.63203125 0.6140625 0.0359375 0.09375
6 0.38125 0.68046875 0.07109375 0.0921875
6 0.11015625 0.59375 0.04375 0.09453125
6 0.25078125 0.7359375 0.0546875 0.11484375